DES1956-5540 298.395513024518 299.702824975482 -55.2997495240685 -56.0301754739289
DES1956-5748 298.427434487849 299.812539512151 -57.4412735296155 -58.1716938447089
DES1957-5414 298.800687661716 300.061754338284 -53.8720579410976 -54.6024870915132
DES1957-5622 298.831937953757 300.163986046243 -56.0135929471201 -56.7440171393475
DES1958-5831 298.902151655201 300.315740344799 -58.1551114500553 -58.8855296235196
DES1959-5040 299.199465361012 300.361018638988 -50.3028053888614 -51.0332410478061
DES1959-5248 299.193025933779 300.411738066221 -52.4443606516963 -53.1747926355473
DES1959-5457 299.221452323078 300.505125676922 -54.5859044897589 -55.3163320895232
DES1959-5705 299.28879642624 300.64674957376 -56.7274336538007 -57.4578559712617
DES2000-5123 299.574938574794 300.754757425206 -51.0166582939251 -51.7470927970672
DES2000-5331 299.598742247343 300.838173752657 -53.158209967519 -53.888640576988
DES2000-5914 299.400372423548 300.843869576452 -58.8689472791626 -59.5993631587039
DES2001-5540 299.661258024518 300.968569975482 -55.2997495240685 -56.0301754739289
DES2001-5748 299.767433487849 301.152538512151 -57.4412735296155 -58.1716938447089
DES2002-4957 299.948526233492 301.092545766508 -49.5889524162245 -50.3193891682023
DES2002-5205 299.966184445239 301.165041554761 -51.7305100701732 -52.460943350014
DES2002-5414 300.022248661716 301.283315338284 -53.8720579410976 -54.6024870915132
DES2002-5957 299.923756803451 301.398689196549 -59.5827808682601 -60.3131942869849
DES2003-5040 300.325840361012 301.487393638988 -50.3028053888614 -51.0332410478061
DES2003-5248 300.374091933779 301.592804066221 -52.4443606516963 -53.1747926355473
DES2003-5622 300.121303953757 301.453352046243 -56.0135929471201 -56.7440171393475
DES2003-5831 300.269315655201 301.682904344799 -58.1551114500553 -58.8855296235196
DES2004-5457 300.464616323078 301.748289676922 -54.5859044897589 -55.3163320895232
DES2005-5123 300.718795574794 301.898614425206 -51.0166582939251 -51.7470927970672
DES2005-5331 300.799621247343 302.039052752657 -53.158209967519 -53.888640576988
DES2005-5705 300.60288942624 301.96084257376 -56.7274336538007 -57.4578559712617
DES2006-4957 301.058115233492 302.202134766508 -49.5889524162245 -50.3193891682023
DES2006-5205 301.128257445239 302.327114554761 -51.7305100701732 -52.460943350014
DES2006-5540 300.927004024518 302.234315975482 -55.2997495240685 -56.0301754739289
DES2006-5914 300.796045423548 302.239542576452 -58.8689472791626 -59.5993631587039
DES2007-5414 301.243810661716 302.504877338284 -53.8720579410976 -54.6024870915132
DES2007-5748 301.107432487849 302.492537512151 -57.4412735296155 -58.1716938447089
DES2008-5040 301.452214361012 302.613767638988 -50.3028053888614 -51.0332410478061
DES2008-5248 301.555156933779 302.773869066221 -52.4443606516963 -53.1747926355473
DES2008-5622 301.410669953757 302.742718046243 -56.0135929471201 -56.7440171393475
DES2008-5957 301.349379803451 302.824312196549 -59.5827808682601 -60.3131942869849
DES2009-5123 301.862652574794 303.042471425206 -51.0166582939251 -51.7470927970672
DES2009-5457 301.707781323078 302.991454676922 -54.5859044897589 -55.3163320895232
DES2009-5831 301.636479655201 303.050068344799 -58.1551114500553 -58.8855296235196
DES2010-4957 302.167703233492 303.311722766508 -49.5889524162245 -50.3193891682023
DES2010-5331 302.000500247343 303.239931752657 -53.158209967519 -53.888640576988
DES2010-5705 301.91698242624 303.27493557376 -56.7274336538007 -57.4578559712617
DES2011-5205 302.290330445239 303.489187554761 -51.7305100701732 -52.460943350014
DES2011-5540 302.192750024518 303.500061975482 -55.2997495240685 -56.0301754739289
DES2011-5914 302.191719423548 303.635216576452 -58.8689472791626 -59.5993631587039
DES2012-5040 302.578589361012 303.740142638988 -50.3028053888614 -51.0332410478061
DES2012-5414 302.465371661716 303.726438338284 -53.8720579410976 -54.6024870915132
DES2012-5748 302.447431487849 303.832536512151 -57.4412735296155 -58.1716938447089
DES2013-5248 302.736222933779 303.954935066221 -52.4443606516963 -53.1747926355473
DES2013-5622 302.700036953757 304.032085046243 -56.0135929471201 -56.7440171393475
DES2013-6122 302.543762620103 304.086605379897 -61.0104406587188 -61.7408485874654
DES2014-5123 303.006508574794 304.186327425206 -51.0166582939251 -51.7470927970672
DES2014-5457 302.950945323078 304.234618676922 -54.5859044897589 -55.3163320895232
DES2014-5831 303.003642655201 304.417231344799 -58.1551114500553 -58.8855296235196
DES2014-5957 302.775003803451 304.249936196549 -59.5827808682601 -60.3131942869849
DES2015-4957 303.277292233492 304.421311766508 -49.5889524162245 -50.3193891682023
DES2015-5331 303.201379247343 304.440810752657 -53.158209967519 -53.888640576988
DES2015-5705 303.23107642624 304.58902957376 -56.7274336538007 -57.4578559712617
DES2015-6205 303.189267251545 304.768844748455 -61.7242664841966 -62.4546713444498
DES2016-5205 303.452404445239 304.651261554761 -51.7305100701732 -52.460943350014
DES2016-5540 303.458496024518 304.765807975482 -55.2997495240685 -56.0301754739289
DES2016-6039 303.388363768626 304.896370231374 -60.2966120544221 -61.0270228290383
DES2017-5040 303.704964361012 304.866517638988 -50.3028053888614 -51.0332410478061
DES2017-5414 303.686932661716 304.947999338284 -53.8720579410976 -54.6024870915132
DES2017-5748 303.787431487849 305.172536512151 -57.4412735296155 -58.1716938447089
DES2017-5914 303.587392423548 305.030889576452 -58.8689472791626 -59.5993631587039
DES2018-5123 304.150365574794 305.330184425206 -51.0166582939251 -51.7470927970672
DES2018-5248 303.917288933779 305.136001066221 -52.4443606516963 -53.1747926355473
DES2018-5622 303.989402953757 305.321451046243 -56.0135929471201 -56.7440171393475
DES2019-4957 304.386880233492 305.530899766508 -49.5889524162245 -50.3193891682023
DES2019-5457 304.194110323078 305.477783676922 -54.5859044897589 -55.3163320895232
DES2019-5957 304.200626803451 305.675559196549 -59.5827808682601 -60.3131942869849
DES2019-6122 304.034034620103 305.576877379897 -61.0104406587188 -61.7408485874654
DES2020-4831 304.627485910633 305.738484089367 -48.1612414929168 -48.8916802595677
DES2020-5205 304.614477445239 305.813334554761 -51.7305100701732 -52.460943350014
DES2020-5331 304.402258247343 305.641689752657 -53.158209967519 -53.888640576988
DES2020-5831 304.370806655201 305.784395344799 -58.1551114500553 -58.8855296235196
DES2021-5040 304.831338361012 305.992891638988 -50.3028053888614 -51.0332410478061
DES2021-5540 304.724241024518 306.031552975482 -55.2997495240685 -56.0301754739289
DES2022-4914 305.053364202327 306.180543797673 -48.8750974331868 -49.6055352197507
DES2022-5248 305.098354933779 306.317067066221 -52.4443606516963 -53.1747926355473
DES2022-5414 304.908493661716 306.169560338284 -53.8720579410976 -54.6024870915132
DES2022-5914 304.983066423548 306.426563576452 -58.8689472791626 -59.5993631587039
DES2022-6039 304.845482768626 306.353489231374 -60.2966120544221 -61.0270228290383
DES2022-6205 304.714480251545 306.294057748455 -61.7242664841966 -62.4546713444498
DES2023-5123 305.294222574794 306.474041425206 -51.0166582939251 -51.7470927970672
DES2023-5748 305.127430487849 306.512535512151 -57.4412735296155 -58.1716938447089
DES2024-4957 305.496469233492 306.640488766508 -49.5889524162245 -50.3193891682023
DES2024-5331 305.603137247343 306.842568752657 -53.158209967519 -53.888640576988
DES2024-5457 305.437274323078 306.720947676922 -54.5859044897589 -55.3163320895232
DES2025-4831 305.705448910633 306.816447089367 -48.1612414929168 -48.8916802595677
DES2025-5205 305.776550445239 306.975407554761 -51.7305100701732 -52.460943350014
DES2025-5831 305.737970655201 307.151559344799 -58.1551114500553 -58.8855296235196
DES2025-5957 305.626250803451 307.101183196549 -59.5827808682601 -60.3131942869849
DES2025-6122 305.524307620103 307.067150379897 -61.0104406587188 -61.7408485874654
DES2026-4914 306.146827202327 307.274006797673 -48.8750974331868 -49.6055352197507
DES2026-5040 305.957713361012 307.119266638988 -50.3028053888614 -51.0332410478061
DES2026-5540 305.989987024518 307.297298975482 -55.2997495240685 -56.0301754739289
DES2027-5248 306.279420933779 307.498133066221 -52.4443606516963 -53.1747926355473
DES2027-5414 306.130054661716 307.391121338284 -53.8720579410976 -54.6024870915132
DES2028-4957 306.606057233492 307.750076766508 -49.5889524162245 -50.3193891682023
DES2028-5123 306.438079574794 307.617898425206 -51.0166582939251 -51.7470927970672
DES2028-5748 306.467429487849 307.852534512151 -57.4412735296155 -58.1716938447089
DES2028-5914 306.378739423548 307.822236576452 -58.8689472791626 -59.5993631587039
DES2028-6039 306.302600768626 307.810607231374 -60.2966120544221 -61.0270228290383
DES2028-6205 306.239694251545 307.819271748455 -61.7242664841966 -62.4546713444498
DES2029-4831 306.783412910633 307.894411089367 -48.1612414929168 -48.8916802595677
DES2029-5331 306.804016247343 308.043447752657 -53.158209967519 -53.888640576988
DES2029-5457 306.680439323078 307.964112676922 -54.5859044897589 -55.3163320895232
DES2030-5040 307.084088361012 308.245641638988 -50.3028053888614 -51.0332410478061
DES2030-5205 306.938624445239 308.137481554761 -51.7305100701732 -52.460943350014
DES2031-4914 307.240290202327 308.367469797673 -48.8750974331868 -49.6055352197507
DES2031-5414 307.351615661716 308.612682338284 -53.8720579410976 -54.6024870915132
DES2031-5540 307.255733024518 308.563044975482 -55.2997495240685 -56.0301754739289
DES2031-5705 307.17335642624 308.53130957376 -56.7274336538007 -57.4578559712617
DES2031-5831 307.105133655201 308.518722344799 -58.1551114500553 -58.8855296235196
DES2031-5957 307.051873803451 308.526806196549 -59.5827808682601 -60.3131942869849
DES2031-6122 307.014580620103 308.557423379897 -61.0104406587188 -61.7408485874654
DES2032-5123 307.581935574794 308.761754425206 -51.0166582939251 -51.7470927970672
DES2032-5248 307.460485933779 308.679198066221 -52.4443606516963 -53.1747926355473
DES2033-4831 307.861376910633 308.972375089367 -48.1612414929168 -48.8916802595677
DES2033-4957 307.715646233492 308.859665766508 -49.5889524162245 -50.3193891682023
DES2033-5748 307.807428487849 309.192533512151 -57.4412735296155 -58.1716938447089
DES2033-5914 307.774412423548 309.217909576452 -58.8689472791626 -59.5993631587039
DES2034-5205 308.100697445239 309.299554554761 -51.7305100701732 -52.460943350014
DES2034-5331 308.004895247343 309.244326752657 -53.158209967519 -53.888640576988
DES2034-5457 307.923603323078 309.207276676922 -54.5859044897589 -55.3163320895232
DES2034-5622 307.857501953757 309.189550046243 -56.0135929471201 -56.7440171393475
DES2034-6039 307.759718768626 309.267725231374 -60.2966120544221 -61.0270228290383
DES2034-6205 307.764907251545 309.344484748455 -61.7242664841966 -62.4546713444498
DES2035-4914 308.333752202327 309.460931797673 -48.8750974331868 -49.6055352197507
DES2035-5040 308.210462361012 309.372015638988 -50.3028053888614 -51.0332410478061
DES2036-5414 308.573176661716 309.834243338284 -53.8720579410976 -54.6024870915132
DES2036-5540 308.521479024518 309.828790975482 -55.2997495240685 -56.0301754739289
DES2036-5705 308.48744942624 309.84540257376 -56.7274336538007 -57.4578559712617
DES2036-5831 308.472297655201 309.885886344799 -58.1551114500553 -58.8855296235196
DES2036-5957 308.477497803451 309.952430196549 -59.5827808682601 -60.3131942869849
DES2037-4831 308.939340910633 310.050339089367 -48.1612414929168 -48.8916802595677
DES2037-4957 308.825235233492 309.969254766508 -49.5889524162245 -50.3193891682023
DES2037-5123 308.725792574794 309.905611425206 -51.0166582939251 -51.7470927970672
DES2037-5248 308.641551933779 309.860264066221 -52.4443606516963 -53.1747926355473
DES2037-6122 308.504853620103 310.047696379897 -61.0104406587188 -61.7408485874654
DES2039-4914 309.427215202327 310.554394797673 -48.8750974331868 -49.6055352197507
DES2039-5040 309.336837361012 310.498390638988 -50.3028053888614 -51.0332410478061
DES2039-5205 309.262770445239 310.461627554761 -51.7305100701732 -52.460943350014
DES2039-5331 309.205774247343 310.445205752657 -53.158209967519 -53.888640576988
DES2039-5457 309.166767323078 310.450440676922 -54.5859044897589 -55.3163320895232
DES2039-5622 309.146868953757 310.478917046243 -56.0135929471201 -56.7440171393475
DES2039-5748 309.147428487849 310.532533512151 -57.4412735296155 -58.1716938447089
DES2039-5914 309.170086423548 310.613583576452 -58.8689472791626 -59.5993631587039
DES2039-6039 309.216837768626 310.724844231374 -60.2966120544221 -61.0270228290383
DES2040-6205 309.290120251545 310.869697748454 -61.7242664841966 -62.4546713444498
DES2041-5123 309.869649574794 311.049468425206 -51.0166582939251 -51.7470927970672
DES2041-5248 309.822617933779 311.041330066221 -52.4443606516963 -53.1747926355473
DES2041-5414 309.794737661716 311.055804338284 -53.8720579410976 -54.6024870915132
DES2041-5540 309.787224024518 311.094535975482 -55.2997495240685 -56.0301754739289
DES2041-5705 309.80154242624 311.15949557376 -56.7274336538007 -57.4578559712617
DES2042-4831 310.017303910633 311.128302089367 -48.1612414929168 -48.8916802595677
DES2042-4957 309.934823233492 311.078842766508 -49.5889524162245 -50.3193891682023
DES2042-5831 309.839461655201 311.253050344799 -58.1551114500553 -58.8855296235196
DES2042-5957 309.903120803451 311.378053196549 -59.5827808682601 -60.3131942869849
DES2043-6122 309.995126620103 311.537969379897 -61.0104406587188 -61.7408485874654
DES2044-4914 310.520678202327 311.647857797673 -48.8750974331868 -49.6055352197507
DES2044-5040 310.463211361012 311.624764638988 -50.3028053888614 -51.0332410478061
DES2044-5205 310.424844445239 311.623701554761 -51.7305100701732 -52.460943350014
DES2044-5331 310.406653247343 311.646084752657 -53.158209967519 -53.888640576988
DES2044-5457 310.409932323078 311.693605676922 -54.5859044897589 -55.3163320895232
DES2044-5622 310.436234953757 311.768283046243 -56.0135929471201 -56.7440171393475
DES2044-5748 310.487427487849 311.872532512151 -57.4412735296155 -58.1716938447089
DES2045-5914 310.565759423548 312.009256576452 -58.8689472791626 -59.5993631587039
DES2045-6039 310.673955768626 312.181962231374 -60.2966120544221 -61.0270228290383
DES2046-4831 311.095267910633 312.206266089367 -48.1612414929168 -48.8916802595677
DES2046-4957 311.044412233492 312.188431766508 -49.5889524162245 -50.3193891682023
DES2046-5123 311.013506574794 312.193325425206 -51.0166582939251 -51.7470927970672
DES2046-5248 311.003683933779 312.222396066221 -52.4443606516963 -53.1747926355473
DES2046-5414 311.016298661716 312.277365338284 -53.8720579410976 -54.6024870915132
DES2046-5540 311.052970024518 312.360281975482 -55.2997495240685 -56.0301754739289
DES2046-6205 310.815334251545 312.394911748455 -61.7242664841966 -62.4546713444498
DES2047-5705 311.11563642624 312.47358957376 -56.7274336538007 -57.4578559712617
DES2047-5831 311.206624655201 312.620213344799 -58.1551114500553 -58.8855296235196
DES2048-4914 311.614140202327 312.741319797673 -48.8750974331868 -49.6055352197507
DES2048-5040 311.589586361012 312.751139638988 -50.3028053888614 -51.0332410478061
DES2048-5205 311.586917445239 312.785774554761 -51.7305100701732 -52.460943350014
DES2048-5331 311.607531247343 312.846962752657 -53.158209967519 -53.888640576988
DES2048-5957 311.328744803451 312.803677196549 -59.5827808682601 -60.3131942869849
DES2049-5457 311.653096323078 312.936769676922 -54.5859044897589 -55.3163320895232
DES2049-5622 311.725600953757 313.057649046243 -56.0135929471201 -56.7440171393475
DES2049-6122 311.485399620103 313.028242379897 -61.0104406587188 -61.7408485874654
DES2050-4831 312.173231910633 313.284230089367 -48.1612414929168 -48.8916802595677
DES2050-4957 312.154000233492 313.298019766508 -49.5889524162245 -50.3193891682023
DES2050-5123 312.157362574794 313.337181425206 -51.0166582939251 -51.7470927970672
DES2050-5748 311.827426487849 313.212531512151 -57.4412735296155 -58.1716938447089
DES2050-5914 311.961433423548 313.404930576452 -58.8689472791626 -59.5993631587039
DES2051-5248 312.184749933779 313.403462066221 -52.4443606516963 -53.1747926355473
DES2051-5414 312.237859661716 313.498926338284 -53.8720579410976 -54.6024870915132
DES2051-5540 312.318716024518 313.626027975482 -55.2997495240685 -56.0301754739289
DES2051-6039 312.131073768626 313.639080231374 -60.2966120544221 -61.0270228290383
DES2052-5705 312.42972942624 313.78768257376 -56.7274336538007 -57.4578559712617
DES2052-6205 312.340547251545 313.920124748455 -61.7242664841966 -62.4546713444498
DES2053-4914 312.707603202327 313.834782797673 -48.8750974331868 -49.6055352197507
DES2053-5040 312.715961361012 313.877514638988 -50.3028053888614 -51.0332410478061
DES2053-5205 312.748990445239 313.947847554761 -51.7305100701732 -52.460943350014
DES2053-5331 312.808410247343 314.047841752657 -53.158209967519 -53.888640576988
DES2053-5831 312.573788655201 313.987377344799 -58.1551114500553 -58.8855296235196
DES2053-5957 312.754367803451 314.229300196549 -59.5827808682601 -60.3131942869849
DES2054-5457 312.896261323078 314.179934676922 -54.5859044897589 -55.3163320895232
DES2054-5622 313.014967953757 314.347016046243 -56.0135929471201 -56.7440171393475
DES2054-6122 312.975671620103 314.518514379897 -61.0104406587188 -61.7408485874654
DES2055-4831 313.251195910633 314.362194089367 -48.1612414929168 -48.8916802595677
DES2055-4957 313.263589233492 314.407608766508 -49.5889524162245 -50.3193891682023
DES2055-5123 313.301219574794 314.481038425206 -51.0166582939251 -51.7470927970672
DES2055-5248 313.365814933779 314.584527066221 -52.4443606516963 -53.1747926355473
DES2055-5748 313.167426487849 314.552531512151 -57.4412735296155 -58.1716938447089
DES2056-5414 313.459420661716 314.720487338284 -53.8720579410976 -54.6024870915132
DES2056-5540 313.584461024518 314.891772975482 -55.2997495240685 -56.0301754739289
DES2056-5914 313.357106423548 314.800603576452 -58.8689472791626 -59.5993631587039
DES2057-4914 313.801066202327 314.928245797673 -48.8750974331868 -49.6055352197507
DES2057-5040 313.842335361012 315.003888638988 -50.3028053888614 -51.0332410478061
DES2057-5705 313.74382242624 315.10177557376 -56.7274336538007 -57.4578559712617
DES2057-6039 313.588192768626 315.096199231374 -60.2966120544221 -61.0270228290383
DES2058-5205 313.911063445239 315.109920554761 -51.7305100701732 -52.460943350014
DES2058-5331 314.009289247343 315.248720752657 -53.158209967519 -53.888640576988
DES2058-5831 313.940952655201 315.354541344799 -58.1551114500553 -58.8855296235196
DES2058-6205 313.865761251545 315.445338748455 -61.7242664841966 -62.4546713444498
DES2059-4831 314.329158910633 315.440157089367 -48.1612414929168 -48.8916802595677
DES2059-4957 314.373177233492 315.517196766508 -49.5889524162245 -50.3193891682023
DES2059-5457 314.139425323078 315.423098676922 -54.5859044897589 -55.3163320895232
DES2059-5622 314.304333953757 315.636382046243 -56.0135929471201 -56.7440171393475
DES2059-5957 314.179991803451 315.654924196549 -59.5827808682601 -60.3131942869849
DES2100-5123 314.445076574794 315.624895425206 -51.0166582939251 -51.7470927970672
DES2100-5248 314.546880933779 315.765593066221 -52.4443606516963 -53.1747926355473
DES2100-5748 314.507425487849 315.892530512151 -57.4412735296155 -58.1716938447089
DES2100-6122 314.465944620103 316.008787379897 -61.0104406587188 -61.7408485874654
DES2101-4914 314.894528202327 316.021707797673 -48.8750974331868 -49.6055352197507
DES2101-5414 314.680981661716 315.942048338284 -53.8720579410976 -54.6024870915132
DES2101-5914 314.752779423548 316.196276576452 -58.8689472791626 -59.5993631587039
DES2102-5040 314.968710361012 316.130263638988 -50.3028053888614 -51.0332410478061
DES2102-5205 315.073137445239 316.271994554761 -51.7305100701732 -52.460943350014
DES2102-5540 314.850207024518 316.157518975482 -55.2997495240685 -56.0301754739289
DES2102-5705 315.05791642624 316.41586957376 -56.7274336538007 -57.4578559712617
DES2103-4831 315.407122910633 316.518121089367 -48.1612414929168 -48.8916802595677
DES2103-5331 315.210168247343 316.449599752657 -53.158209967519 -53.888640576988
DES2103-6039 315.045310768626 316.553317231374 -60.2966120544221 -61.0270228290383
DES2104-4957 315.482766233492 316.626785766508 -49.5889524162245 -50.3193891682023
DES2104-5123 315.588933574794 316.768752425206 -51.0166582939251 -51.7470927970672
DES2104-5457 315.382590323078 316.666263676922 -54.5859044897589 -55.3163320895232
DES2104-5831 315.308115655201 316.721704344799 -58.1551114500553 -58.8855296235196
DES2104-6205 315.390974251545 316.970551748455 -61.7242664841966 -62.4546713444498
DES2105-5248 315.727946933779 316.946659066221 -52.4443606516963 -53.1747926355473
DES2105-5622 315.593700953757 316.925749046243 -56.0135929471201 -56.7440171393475
DES2105-5957 315.605614803451 317.080547196549 -59.5827808682601 -60.3131942869849
DES2106-4914 315.987991202327 317.115170797673 -48.8750974331868 -49.6055352197507
DES2106-5040 316.095085361012 317.256638638988 -50.3028053888614 -51.0332410478061
DES2106-5414 315.902542661716 317.163609338284 -53.8720579410976 -54.6024870915132
DES2106-5748 315.847424487849 317.232529512151 -57.4412735296155 -58.1716938447089
DES2106-6122 315.956217620103 317.499060379897 -61.0104406587188 -61.7408485874654
DES2107-5205 316.235210445239 317.434067554761 -51.7305100701732 -52.460943350014
DES2107-5540 316.115953024518 317.423264975482 -55.2997495240685 -56.0301754739289
DES2107-5914 316.148453423548 317.591950576452 -58.8689472791626 -59.5993631587039
DES2108-4831 316.485086910633 317.596085089367 -48.1612414929168 -48.8916802595677
DES2108-4957 316.592354233492 317.736373766508 -49.5889524162245 -50.3193891682023
DES2108-5331 316.411047247343 317.650478752657 -53.158209967519 -53.888640576988
DES2108-5705 316.37200942624 317.72996257376 -56.7274336538007 -57.4578559712617
DES2109-5123 316.732789574794 317.912608425206 -51.0166582939251 -51.7470927970672
DES2109-5457 316.625754323078 317.909427676922 -54.5859044897589 -55.3163320895232
DES2109-5831 316.675279655201 318.088868344799 -58.1551114500553 -58.8855296235196
DES2109-6039 316.502429768626 318.010436231374 -60.2966120544221 -61.0270228290383
DES2110-4914 317.081454202327 318.208633797673 -48.8750974331868 -49.6055352197507
DES2110-5248 316.909012933779 318.127725066221 -52.4443606516963 -53.1747926355473
DES2110-5622 316.883066953757 318.215115046243 -56.0135929471201 -56.7440171393475
DES2110-6205 316.916188251545 318.495765748455 -61.7242664841966 -62.4546713444498
DES2111-5040 317.221459361012 318.383012638988 -50.3028053888614 -51.0332410478061
DES2111-5205 317.397283445239 318.596140554761 -51.7305100701732 -52.460943350014
DES2111-5414 317.124103661716 318.385170338284 -53.8720579410976 -54.6024870915132
DES2111-5748 317.187423487849 318.572528512151 -57.4412735296155 -58.1716938447089
DES2111-5957 317.031238803451 318.506171196549 -59.5827808682601 -60.3131942869849
DES2112-4831 317.563050910633 318.674049089367 -48.1612414929168 -48.8916802595677
DES2112-5331 317.611926247343 318.851357752657 -53.158209967519 -53.888640576988
DES2112-5540 317.381699024518 318.689010975482 -55.2997495240685 -56.0301754739289
DES2112-6122 317.446490620103 318.989333379897 -61.0104406587188 -61.7408485874654
DES2113-4957 317.701943233492 318.845962766508 -49.5889524162245 -50.3193891682023
DES2113-5123 317.876646574794 319.056465425206 -51.0166582939251 -51.7470927970672
DES2113-5705 317.68610242624 319.04405557376 -56.7274336538007 -57.4578559712617
DES2113-5914 317.544126423548 318.987623576452 -58.8689472791626 -59.5993631587039
DES2114-4914 318.174916202327 319.302095797673 -48.8750974331868 -49.6055352197507
DES2114-5248 318.090078933779 319.308791066221 -52.4443606516963 -53.1747926355473
DES2114-5457 317.868919323078 319.152592676922 -54.5859044897589 -55.3163320895232
DES2114-5831 318.042443655201 319.456032344799 -58.1551114500553 -58.8855296235196
DES2114-6039 317.959547768626 319.467554231374 -60.2966120544221 -61.0270228290383
DES2115-5040 318.347834361012 319.509387638988 -50.3028053888614 -51.0332410478061
DES2115-5414 318.345665661716 319.606732338284 -53.8720579410976 -54.6024870915132
DES2115-5622 318.172432953757 319.504481046243 -56.0135929471201 -56.7440171393475
DES2116-4831 318.641013910633 319.752012089367 -48.1612414929168 -48.8916802595677
DES2116-5205 318.559357445239 319.758214554761 -51.7305100701732 -52.460943350014
DES2116-5748 318.527423487849 319.912528512151 -57.4412735296155 -58.1716938447089
DES2116-5957 318.456861803451 319.931794196549 -59.5827808682601 -60.3131942869849
DES2116-6205 318.441401251545 320.020978748455 -61.7242664841966 -62.4546713444498
DES2117-4957 318.811531233492 319.955550766508 -49.5889524162245 -50.3193891682023
DES2117-5331 318.812805247343 320.052236752657 -53.158209967519 -53.888640576988
DES2117-5540 318.647444024518 319.954755975482 -55.2997495240685 -56.0301754739289
DES2118-5123 319.020503574794 320.200322425206 -51.0166582939251 -51.7470927970672
DES2118-5705 319.00019542624 320.35814857376 -56.7274336538007 -57.4578559712617
DES2118-5914 318.939799423548 320.383296576452 -58.8689472791626 -59.5993631587039
DES2118-6122 318.936763620103 320.479606379897 -61.0104406587188 -61.7408485874654
DES2119-4914 319.268379202327 320.395558797673 -48.8750974331868 -49.6055352197507
DES2119-5248 319.271143933779 320.489856066221 -52.4443606516963 -53.1747926355473
DES2119-5457 319.112083323078 320.395756676922 -54.5859044897589 -55.3163320895232
DES2120-5040 319.474209361012 320.635762638988 -50.3028053888614 -51.0332410478061
DES2120-5414 319.567226661716 320.828293338284 -53.8720579410976 -54.6024870915132
DES2120-5622 319.461799953757 320.793848046243 -56.0135929471201 -56.7440171393475
DES2120-5831 319.409606655201 320.823195344799 -58.1551114500553 -58.8855296235196
DES2120-6039 319.416665768626 320.924672231374 -60.2966120544221 -61.0270228290383
DES2121-4831 319.718977910633 320.829976089367 -48.1612414929168 -48.8916802595677
DES2121-4957 319.921120233492 321.065139766508 -49.5889524162245 -50.3193891682023
DES2121-5205 319.721430445239 320.920287554761 -51.7305100701732 -52.460943350014
DES2122-5331 320.013684247343 321.253115752657 -53.158209967519 -53.888640576988
DES2122-5540 319.913190024518 321.220501975482 -55.2997495240685 -56.0301754739289
DES2122-5748 319.867422487849 321.252527512151 -57.4412735296155 -58.1716938447089
DES2122-5957 319.882485803451 321.357418196549 -59.5827808682601 -60.3131942869849
DES2123-4914 320.361842202327 321.489021797673 -48.8750974331868 -49.6055352197507
DES2123-5123 320.164360574794 321.344179425206 -51.0166582939251 -51.7470927970672
DES2123-5457 320.355247323078 321.638920676922 -54.5859044897589 -55.3163320895232
DES2123-5705 320.31428942624 321.67224257376 -56.7274336538007 -57.4578559712617
DES2123-6205 319.966615251545 321.546192748455 -61.7242664841966 -62.4546713444498
DES2124-5040 320.600583361012 321.762136638988 -50.3028053888614 -51.0332410478061
DES2124-5248 320.452209933779 321.670922066221 -52.4443606516963 -53.1747926355473
DES2124-5914 320.335473423548 321.778970576452 -58.8689472791626 -59.5993631587039
DES2124-6122 320.427035620103 321.969878379897 -61.0104406587188 -61.7408485874654
DES2125-4831 320.796941910633 321.907940089367 -48.1612414929168 -48.8916802595677
DES2125-5205 320.883503445239 322.082360554761 -51.7305100701732 -52.460943350014
DES2125-5414 320.788787661716 322.049854338284 -53.8720579410976 -54.6024870915132
DES2125-5622 320.751165953757 322.083214046243 -56.0135929471201 -56.7440171393475
DES2125-5831 320.776770655201 322.190359344799 -58.1551114500553 -58.8855296235196
DES2126-4957 321.030708233492 322.174727766508 -49.5889524162245 -50.3193891682023
DES2126-6039 320.873784768626 322.381791231374 -60.2966120544221 -61.0270228290383
DES2127-5123 321.308216574794 322.488035425206 -51.0166582939251 -51.7470927970672
DES2127-5331 321.214563247343 322.453994752657 -53.158209967519 -53.888640576988
DES2127-5540 321.178936024518 322.486247975482 -55.2997495240685 -56.0301754739289
DES2127-5748 321.207421487849 322.592526512151 -57.4412735296155 -58.1716938447089
DES2128-4914 321.455304202327 322.582483797673 -48.8750974331868 -49.6055352197507
DES2128-5248 321.633275933779 322.851988066221 -52.4443606516963 -53.1747926355473
DES2128-5457 321.598412323078 322.882085676922 -54.5859044897589 -55.3163320895232
DES2128-5957 321.308108803451 322.783041196549 -59.5827808682601 -60.3131942869849
DES2129-4831 321.874905910633 322.985904089367 -48.1612414929168 -48.8916802595677
DES2129-5040 321.726958361012 322.888511638988 -50.3028053888614 -51.0332410478061
DES2129-5705 321.62838242624 322.98633557376 -56.7274336538007 -57.4578559712617
DES2129-5914 321.731146423548 323.174643576452 -58.8689472791626 -59.5993631587039
DES2129-6205 321.491828251545 323.071405748455 -61.7242664841966 -62.4546713444498
DES2130-4957 322.140297233492 323.284316766508 -49.5889524162245 -50.3193891682023
DES2130-5205 322.045577445239 323.244434554761 -51.7305100701732 -52.460943350014
DES2130-5414 322.010348661716 323.271415338284 -53.8720579410976 -54.6024870915132
DES2130-5622 322.040532953757 323.372581046243 -56.0135929471201 -56.7440171393475
DES2130-6122 321.917308620103 323.460151379897 -61.0104406587188 -61.7408485874654
DES2131-5831 322.143934655201 323.557523344799 -58.1551114500553 -58.8855296235196
DES2132-4914 322.548767202327 323.675946797673 -48.8750974331868 -49.6055352197507
DES2132-5123 322.452073574794 323.631892425206 -51.0166582939251 -51.7470927970672
DES2132-5331 322.415442247343 323.654873752657 -53.158209967519 -53.888640576988
DES2132-5540 322.444681024518 323.751992975482 -55.2997495240685 -56.0301754739289
DES2132-5748 322.547420487849 323.932525512151 -57.4412735296155 -58.1716938447089
DES2132-6039 322.330902768626 323.838909231374 -60.2966120544221 -61.0270228290383
DES2133-5040 322.853333361012 324.014886638988 -50.3028053888614 -51.0332410478061
DES2133-5248 322.814341933779 324.033054066221 -52.4443606516963 -53.1747926355473
DES2133-5457 322.841576323078 324.125249676922 -54.585904489759 -55.3163320895232
DES2133-5957 322.733732803451 324.208665196549 -59.5827808682601 -60.3131942869849
DES2134-4831 322.952868910633 324.063867089367 -48.1612414929168 -48.8916802595677
DES2134-5705 322.94247542624 324.30042857376 -56.7274336538007 -57.4578559712617
DES2135-4957 323.249885233492 324.393904766508 -49.5889524162245 -50.3193891682023
DES2135-5205 323.207650445239 324.406507554761 -51.7305100701732 -52.460943350014
DES2135-5414 323.231909661716 324.492976338284 -53.8720579410976 -54.6024870915132
DES2135-5622 323.329898953757 324.661947046243 -56.0135929471201 -56.7440171393475
DES2135-5914 323.126820423548 324.570317576452 -58.8689472791626 -59.5993631587039
DES2135-6205 323.017041251545 324.596618748455 -61.7242664841966 -62.4546713444498
DES2136-4914 323.642230202327 324.769409797673 -48.8750974331868 -49.6055352197507
DES2136-5123 323.595930574794 324.775749425206 -51.0166582939251 -51.7470927970672
DES2136-5331 323.616321247343 324.855752752657 -53.158209967519 -53.888640576988
DES2136-5831 323.511097655201 324.924686344799 -58.1551114500553 -58.8855296235196
DES2136-6122 323.407581620103 324.950424379897 -61.0104406587188 -61.7408485874654
DES2137-5540 323.710427024518 325.017738975482 -55.2997495240685 -56.0301754739289
DES2138-4831 324.030832910633 325.141831089367 -48.1612414929168 -48.8916802595677
DES2138-5040 323.979707361012 325.141260638988 -50.3028053888614 -51.0332410478061
DES2138-5248 323.995407933779 325.214120066221 -52.4443606516963 -53.1747926355473
DES2138-5457 324.084741323078 325.368414676922 -54.5859044897589 -55.3163320895232
DES2138-5748 323.887420487849 325.272525512151 -57.4412735296155 -58.1716938447089
DES2138-6039 323.788020768626 325.296027231374 -60.2966120544221 -61.0270228290383
DES2139-4957 324.359474233492 325.503493766508 -49.5889524162245 -50.3193891682023
DES2139-5205 324.369723445239 325.568580554761 -51.7305100701732 -52.460943350014
DES2139-5705 324.25656942624 325.61452257376 -56.7274336538007 -57.4578559712617
DES2139-5957 324.159355803451 325.634288196549 -59.5827808682601 -60.3131942869849
DES2140-5414 324.453470661716 325.714537338284 -53.8720579410976 -54.6024870915132
DES2140-5914 324.522493423548 325.965990576452 -58.8689472791626 -59.5993631587039
DES2141-4914 324.735692202327 325.862871797673 -48.8750974331868 -49.6055352197507
DES2141-5123 324.739786574794 325.919605425206 -51.0166582939251 -51.7470927970672
DES2141-5331 324.817200247343 326.056631752657 -53.158209967519 -53.888640576988
DES2141-5622 324.619264953757 325.951313046243 -56.0135929471201 -56.7440171393475
DES2141-6205 324.542255251545 326.121832748455 -61.7242664841966 -62.4546713444498
DES2142-4831 325.108796910633 326.219795089367 -48.1612414929168 -48.8916802595677
DES2142-5040 325.106082361012 326.267635638988 -50.3028053888614 -51.0332410478061
DES2142-5540 324.976173024518 326.283484975482 -55.2997495240685 -56.0301754739289
DES2142-5831 324.878261655201 326.291850344799 -58.1551114500553 -58.8855296235196
DES2142-6122 324.897854620103 326.440697379897 -61.0104406587188 -61.7408485874654
DES2143-5248 325.176472933779 326.395185066221 -52.4443606516963 -53.1747926355473
DES2143-5457 325.327905323078 326.611578676922 -54.5859044897589 -55.3163320895232
DES2143-5748 325.227419487849 326.612524512151 -57.4412735296155 -58.1716938447089
DES2143-6039 325.245139768626 326.753146231374 -60.2966120544221 -61.0270228290383
DES2144-4957 325.469063233492 326.613082766508 -49.5889524162245 -50.3193891682023
DES2144-5205 325.531796445239 326.730653554761 -51.7305100701732 -52.460943350014
DES2144-5705 325.57066242624 326.92861557376 -56.7274336538007 -57.4578559712617
DES2145-4914 325.829155202327 326.956334797673 -48.8750974331868 -49.6055352197507
DES2145-5123 325.883643574794 327.063462425206 -51.0166582939251 -51.7470927970672
DES2145-5414 325.675031661716 326.936098338284 -53.8720579410976 -54.6024870915132
DES2145-5957 325.584979803451 327.059912196549 -59.5827808682601 -60.3131942869849
DES2146-4831 326.186760910633 327.297759089367 -48.1612414929168 -48.8916802595677
DES2146-5331 326.018079247343 327.257510752657 -53.158209967519 -53.888640576988
DES2146-5622 325.908631953757 327.240680046243 -56.0135929471201 -56.7440171393475
DES2146-5914 325.918166423548 327.361663576452 -58.8689472791626 -59.5993631587039
DES2147-5040 326.232456361012 327.394009638988 -50.3028053888614 -51.0332410478061
DES2147-5248 326.357538933779 327.576251066221 -52.4443606516963 -53.1747926355473
DES2147-5540 326.241919024518 327.549230975482 -55.2997495240685 -56.0301754739289
DES2147-5831 326.245425655201 327.659014344799 -58.1551114500553 -58.8855296235196
DES2147-6205 326.067468251545 327.647045748455 -61.7242664841966 -62.4546713444498
DES2148-4957 326.578651233492 327.722670766508 -49.5889524162245 -50.3193891682023
DES2148-5457 326.571070323078 327.854743676922 -54.5859044897589 -55.3163320895232
DES2148-6122 326.388127620103 327.930970379897 -61.0104406587188 -61.7408485874654
DES2149-4914 326.922618202327 328.049797797673 -48.8750974331868 -49.6055352197507
DES2149-5205 326.693870445239 327.892727554761 -51.7305100701732 -52.460943350014
DES2149-5748 326.567418487849 327.952523512151 -57.4412735296155 -58.1716938447089
DES2149-6039 326.702257768626 328.210264231374 -60.2966120544221 -61.0270228290383
DES2150-5123 327.027500574794 328.207319425206 -51.0166582939251 -51.7470927970672
DES2150-5414 326.896592661716 328.157659338284 -53.8720579410976 -54.6024870915132
DES2150-5705 326.88475542624 328.24270857376 -56.7274336538007 -57.4578559712617
DES2150-5957 327.010602803451 328.485535196549 -59.5827808682601 -60.3131942869849
DES2151-4831 327.264723910633 328.375722089367 -48.1612414929168 -48.8916802595677
DES2151-5040 327.358831361012 328.520384638988 -50.3028053888614 -51.0332410478061
DES2151-5331 327.218958247343 328.458389752657 -53.158209967519 -53.888640576988
DES2151-5622 327.197997953757 328.530046046243 -56.0135929471201 -56.7440171393475
DES2152-5248 327.538604933779 328.757317066221 -52.4443606516963 -53.1747926355473
DES2152-5540 327.507664024518 328.814975975482 -55.2997495240685 -56.0301754739289
DES2152-5914 327.313840423548 328.757337576452 -58.8689472791626 -59.5993631587039
DES2153-4957 327.688240233492 328.832259766508 -49.5889524162245 -50.3193891682023
DES2153-5205 327.855943445239 329.054800554761 -51.7305100701732 -52.460943350014
DES2153-5457 327.814234323078 329.097907676922 -54.5859044897589 -55.3163320895232
DES2153-5831 327.612588655201 329.026177344799 -58.1551114500553 -58.8855296235196
DES2153-6205 327.592682251545 329.172259748455 -61.7242664841966 -62.4546713444498
DES2154-4914 328.016080202327 329.143259797673 -48.8750974331868 -49.6055352197507
DES2154-5414 328.118153661716 329.379220338284 -53.8720579410976 -54.6024870915132
DES2154-5748 327.907417487849 329.292522512151 -57.4412735296155 -58.1716938447089
DES2154-6122 327.878400620103 329.421243379897 -61.0104406587188 -61.7408485874654
DES2155-4831 328.342687910633 329.453686089367 -48.1612414929168 -48.8916802595677
DES2155-5123 328.171357574794 329.351176425206 -51.0166582939251 -51.7470927970672
DES2155-5705 328.19884942624 329.55680257376 -56.7274336538007 -57.4578559712617
DES2155-6039 328.159375768626 329.667382231374 -60.2966120544221 -61.0270228290383
DES2156-5040 328.485206361012 329.646759638988 -50.3028053888614 -51.0332410478061
DES2156-5331 328.419837247343 329.659268752657 -53.158209967519 -53.888640576988
DES2156-5622 328.487364953757 329.819413046243 -56.0135929471201 -56.7440171393475
DES2156-5957 328.436226803451 329.911159196549 -59.5827808682601 -60.3131942869849
DES2157-4957 328.797828233492 329.941847766508 -49.5889524162245 -50.3193891682023
DES2157-5248 328.719670933779 329.938383066221 -52.4443606516963 -53.1747926355473
DES2157-5540 328.773410024518 330.080721975482 -55.2997495240685 -56.0301754739289
DES2157-5914 328.709513423548 330.153010576452 -58.8689472791626 -59.5993631587039
DES2158-4914 329.109543202327 330.236722797673 -48.8750974331868 -49.6055352197507
DES2158-5205 329.018016445239 330.216873554761 -51.7305100701732 -52.460943350014
DES2158-5457 329.057399323078 330.341072676922 -54.5859044897589 -55.3163320895232
DES2158-5831 328.979752655201 330.393341344799 -58.1551114500553 -58.8855296235196
DES2159-4831 329.420651910633 330.531650089367 -48.1612414929168 -48.8916802595677
DES2159-5123 329.315213574794 330.495032425206 -51.0166582939251 -51.7470927970672
DES2159-5414 329.339714661716 330.600781338284 -53.8720579410976 -54.6024870915132
DES2159-5748 329.247417487849 330.632522512151 -57.4412735296155 -58.1716938447089
DES2159-6205 329.117895251545 330.697472748455 -61.7242664841966 -62.4546713444498
DES2200-5040 329.611580361012 330.773133638988 -50.3028053888614 -51.0332410478061
DES2200-5331 329.620716247343 330.860147752657 -53.158209967519 -53.888640576988
DES2200-5705 329.51294242624 330.87089557376 -56.7274336538007 -57.4578559712617
DES2200-6122 329.368672620103 330.911515379897 -61.0104406587188 -61.7408485874654
DES2201-4957 329.907417233492 331.051436766508 -49.5889524162245 -50.3193891682023
DES2201-5622 329.776730953757 331.108779046243 -56.0135929471201 -56.7440171393475
DES2201-6039 329.616494768626 331.124501231374 -60.2966120544221 -61.0270228290383
DES2202-5248 329.900736933779 331.119449066221 -52.4443606516963 -53.1747926355473
DES2202-5540 330.039156024518 331.346467975482 -55.2997495240685 -56.0301754739289
DES2202-5957 329.861849803451 331.336782196549 -59.5827808682601 -60.3131942869849
DES2203-4914 330.203006202327 331.330185797673 -48.8750974331868 -49.6055352197507
DES2203-5205 330.180090445239 331.378947554761 -51.7305100701732 -52.460943350014
DES2203-5457 330.300563323078 331.584236676922 -54.5859044897589 -55.3163320895232
DES2203-5914 330.105187423548 331.548684576452 -58.8689472791626 -59.5993631587039
DES2204-4831 330.498615910633 331.609614089367 -48.1612414929168 -48.8916802595677
DES2204-5123 330.459070574794 331.638889425206 -51.0166582939251 -51.7470927970672
DES2204-5414 330.561275661716 331.822342338284 -53.8720579410976 -54.6024870915132
DES2204-5831 330.346916655201 331.760505344799 -58.1551114500553 -58.8855296235196
DES2205-5040 330.737955361012 331.899508638988 -50.3028053888614 -51.0332410478061
DES2205-5331 330.821595247343 332.061026752657 -53.158209967519 -53.888640576988
DES2205-5748 330.587416487849 331.972521512151 -57.4412735296155 -58.1716938447089
DES2205-6205 330.643109251545 332.222686748455 -61.7242664841966 -62.4546713444498
DES2206-4957 331.017005233492 332.161024766508 -49.5889524162245 -50.3193891682023
DES2206-5248 331.081801933779 332.300514066221 -52.4443606516963 -53.1747926355473
DES2206-5622 331.066096953757 332.398145046243 -56.0135929471201 -56.7440171393475
DES2206-5705 330.82703542624 332.18498857376 -56.7274336538007 -57.4578559712617
DES2206-6122 330.858945620103 332.401788379897 -61.0104406587188 -61.7408485874654
DES2207-4914 331.296468202327 332.423647797673 -48.8750974331868 -49.6055352197507
DES2207-5205 331.342163445239 332.541020554761 -51.7305100701732 -52.460943350014
DES2207-5540 331.304902024518 332.612213975482 -55.2997495240685 -56.0301754739289
DES2207-6039 331.073612768626 332.581619231374 -60.2966120544221 -61.0270228290383
DES2208-4831 331.576578910633 332.687577089367 -48.1612414929168 -48.8916802595677
DES2208-5123 331.602927574794 332.782746425206 -51.0166582939251 -51.7470927970672
DES2208-5457 331.543727323078 332.827400676922 -54.5859044897589 -55.3163320895232
DES2208-5914 331.500860423548 332.944357576452 -58.8689472791626 -59.5993631587039
DES2208-5957 331.287473803451 332.762406196549 -59.5827808682601 -60.3131942869849
DES2209-5040 331.864330361012 333.025883638988 -50.3028053888614 -51.0332410478061
DES2209-5414 331.782836661716 333.043903338284 -53.8720579410976 -54.6024870915132
DES2209-5831 331.714080655201 333.127669344799 -58.1551114500553 -58.8855296235196
DES2210-4957 332.126594233492 333.270613766508 -49.5889524162245 -50.3193891682023
DES2210-5331 332.022474247343 333.261905752657 -53.158209967519 -53.888640576988
DES2210-5748 331.927415487849 333.312520512151 -57.4412735296155 -58.1716938447089
DES2211-4914 332.389931202327 333.517110797673 -48.8750974331868 -49.6055352197507
DES2211-5248 332.262867933779 333.481580066221 -52.4443606516963 -53.1747926355473
DES2211-5705 332.14112942624 333.49908257376 -56.7274336538007 -57.4578559712617
DES2211-6205 332.168322251545 333.747899748455 -61.7242664841966 -62.4546713444498
DES2212-4831 332.654542910633 333.765541089367 -48.1612414929168 -48.8916802595677
DES2212-5205 332.504236445239 333.703093554761 -51.7305100701732 -52.460943350014
DES2212-5540 332.570647024518 333.877958975482 -55.2997495240685 -56.0301754739289
DES2212-5622 332.355463953757 333.687512046243 -56.0135929471201 -56.7440171393475
DES2212-6122 332.349218620103 333.892061379897 -61.0104406587188 -61.7408485874654
DES2213-5123 332.746784574794 333.926603425206 -51.0166582939251 -51.7470927970672
DES2213-5457 332.786892323078 334.070565676922 -54.5859044897589 -55.3163320895232
DES2213-5957 332.713096803451 334.188029196549 -59.5827808682601 -60.3131942869849
DES2213-6039 332.530731768626 334.038738231374 -60.2966120544221 -61.0270228290383
DES2214-5040 332.990704361012 334.152257638988 -50.3028053888614 -51.0332410478061
DES2214-5414 333.004397661716 334.265464338284 -53.8720579410976 -54.6024870915132
DES2214-5914 332.896533423548 334.340030576452 -58.8689472791626 -59.5993631587039
DES2215-4957 333.236182233492 334.380201766508 -49.5889524162245 -50.3193891682023
DES2215-5331 333.223353247343 334.462784752657 -53.158209967519 -53.888640576988
DES2215-5748 333.267414487849 334.652519512151 -57.4412735296155 -58.1716938447089
DES2215-5831 333.081243655201 334.494832344799 -58.1551114500553 -58.8855296235197
DES2216-4914 333.483394202327 334.610573797673 -48.8750974331868 -49.6055352197507
DES2216-5248 333.443933933779 334.662646066221 -52.4443606516963 -53.1747926355473
DES2216-5705 333.45522242624 334.81317557376 -56.7274336538007 -57.4578559712617
DES2217-4831 333.732506910633 334.843505089367 -48.1612414929168 -48.8916802595677
DES2217-5123 333.890640574794 335.070459425206 -51.0166582939251 -51.7470927970672
DES2217-5205 333.666310445239 334.865167554761 -51.7305100701732 -52.460943350014
DES2217-5540 333.836393024518 335.143704975482 -55.2997495240685 -56.0301754739289
DES2217-5622 333.644829953757 334.976878046243 -56.0135929471201 -56.7440171393475
DES2217-6205 333.693536251545 335.273113748455 -61.7242664841966 -62.4546713444498
DES2218-5040 334.117079361012 335.278632638988 -50.3028053888614 -51.0332410478061
DES2218-5457 334.030056323078 335.313729676922 -54.5859044897589 -55.3163320895232
DES2218-6039 333.987849768626 335.495856231374 -60.2966120544221 -61.0270228290383
DES2218-6122 333.839491620103 335.382334379897 -61.0104406587188 -61.7408485874654
DES2219-4957 334.345771233492 335.489790766508 -49.5889524162245 -50.3193891682023
DES2219-5414 334.225958661716 335.487025338284 -53.8720579410976 -54.6024870915132
DES2219-5957 334.138720803451 335.613653196549 -59.5827808682601 -60.3131942869849
DES2220-4914 334.576856202327 335.704035797673 -48.8750974331868 -49.6055352197507
DES2220-5248 334.624999933779 335.843712066221 -52.4443606516963 -53.1747926355473
DES2220-5331 334.424232247343 335.663663752657 -53.158209967519 -53.888640576988
DES2220-5831 334.448407655201 335.861996344799 -58.1551114500553 -58.8855296235197
DES2220-5914 334.292207423548 335.735704576452 -58.8689472791626 -59.5993631587039
DES2026-5705 305.859263 307.217216 -56.727434 -57.457856
DES2020-5705 304.545169 305.903123 -56.727434 -57.457856
DES2023-5622 305.278769 306.610818 -56.013593 -56.744017
DES2028-5622 306.568136 307.900184 -56.013593 -56.744017